0,4,5,6
2
0
0,5,7
1
2,9
4,6
3
0,1
0,3
1,8
0,3,4,6
0,5
1,4
8
5
0,1,5
4
6
0,3,7
0,1,3
3,7
2,5
0,2
9
0,3,5
1,3
0,3,5,6,8
1,4,6
0,7
1,7
1,5
0,1,3,5,7,9
0,6
3,6
7,8
1,6
0,1,2,5
2,5,9
0,2,3
0,1,8
0,1,7
0,6,7
0,1,6,7
0,3,8
0,1,2,5,9
3,4,7
0,5,8
0,2,5,9
0,1,3,5
0,1,5,7
0,1,5,7,8
0,4,6,7
0,1,3,5,7
0,1,5,6,7
0,5,6
0,1,3,5,7,8
7
1,2,5,9
0,1,3,5,6,7
0,1,2,5,6,7,8
0,4,6
0,8
0,9
0,3,4
0,1,3,4,7
1,3,8
1,5,7
1,3,7
0,3,5,7
0,5,7,8
0,4
0,2,3,5,9
1,2,5
0,1,3,5,8
2,3
0,1,2,3,5,6,7,8
0,2,5,6,8
0,1,3,5,6
0,1,2
0,2,3,8
3,5
0,2,9
2,3,5
5,7
5,8
0,1,3,4,5,6,7,8
1,2
3,4,6
0,1,2,3,5,7,8
0,1,3,7
0,7,8
0,1,6
0,7,9
0,1,4,6,8
0,1,2,5,7,8
0,1,4,5
0,1,3,7,8
0,4,5,7
0,1,2,3,5,8
4,5
5,9
0,3,5,8,9
0,2,5
5,7,8
1,5,6
3,7,8
3,8
0,4,5
0,1,5,8
